147.70616
152.69669
155.7654
148.04611
152.1432
155.23544
237.37624
76.15099
92.51733
237.40419
76.22705
92.52496
148.71925
151.03743
154.49197
93.43008
184.92744
230.20317
103.94987
189.48813
231.84169
103.92876
189.48285
231.82849
94.40897
185.35225
230.36676
94.41029
185.35225
230.36807
94.40897
185.35225
230.36676
94.41029
185.35225
230.36807
104.54617
189.76122
231.92084
104.597626
189.77968
231.92876
124.325584
131.3217
135.47481
145.56194
154.91994
161.67825
217.46063
218.40945
218.82874
0.0
193.35667
232.85333
108.63193
191.5343
232.55276
108.08971
191.27704
232.47098
108.081795
191.27704
232.47229
108.081795
191.27704
232.47229
62.18079
67.19774
70.96799
62.18079
67.19774
70.96799
62.120407
67.11021
71.07551
164.15625
192.73317
214.9423
180.76749
161.45366
169.41301
92.492775
147.03679
178.53482
151.32628
158.26888
163.22206
66.045456
135.69698
187.18182
62.050957
67.968155
72.61359
62.084435
67.0686
71.04749
101.84696
188.5541
231.51979
51.10294
51.10294
51.10294
207.86765
207.86765
207.86765
91.88918
184.23483
230.00659
91.251976
183.97229
229.8694
207.92618
207.92618
207.92618
51.080536
51.080536
51.080536
207.91347
207.91347
207.91347
255.0
212.7429
48.819134
199.92085
238.42278
254.22008
175.91908
176.4104
143.32658
196.88474
174.93182
185.85065
127.14128
215.66005
229.95805
117.22142
119.70767
116.20695
87.925476
113.71751
74.08839
132.9087
165.64316
164.24481
213.13043
204.15218
187.07024
125.442276
182.05692
72.95447
250.7543
208.71007
98.65602
249.78133
216.13759
180.63637
247.62163
198.36363
159.71498
206.89189
157.8108
118.25553
172.93365
118.57248
80.88452
132.5037
98.953316
84.05897
147.55594
153.1136
156.01033
161.79112
151.45561
59.178852
237.76904
164.48096
84.295235
147.90323
151.79677
155.00967
117.57545
168.59335
67.3555
196.50781
157.60547
133.95508
152.49211
155.01184
157.0171
238.834
203.428
116.122
242.3694
209.19261
97.77045
239.75858
206.76253
96.68074
220.28496
102.44459
93.585754
229.41293
123.4934
81.99736
255.0
154.57124
86.83113
243.9789
189.74538
38.833775
255.0
213.28629
79.72427
150.32585
200.9525
106.426125
128.55013
166.44724
84.56992
74.426125
198.12534
207.19525
88.79156
153.03958
200.40106
92.50528
117.70316
154.23878
145.00528
120.53694
177.59235
202.08707
157.89314
241.14513
51.225212
51.225212
51.225212
51.11111
51.11111
51.11111
237.0
76.16028
91.94251
237.94241
76.47382
93.08377
120.309814
174.3957
71.167175
93.972336
156.25296
201.92227
138.09572
118.71079
73.478615
171.21515
185.33333
185.28181
174.67763
170.5
156.84868
140.29121
161.7967
176.79488
176.76181
193.89528
232.28748
78.77381
83.36756
87.13095
80.77828
165.72624
215.5724
200.03334
154.55112
244.23334
231.57973
142.64618
151.4701
252.40271
187.41629
55.91403
207.9789
207.9789
207.9789
62.084435
67.0686
71.04749
159.72893
123.305786
84.4843
217.11293
106.2731
80.338806
161.67278
163.71074
165.25655
237.97757
211.84433
214.55276
195.01263
189.74527
185.96
215.50815
229.90392
199.99837
201.99799
214.33803
198.78471
210.5541
173.43404
243.3562
145.43988
129.34311
117.331375
203.59639
104.52209
114.01004
194.59915
195.4325
196.05907
239.66493
109.61278
122.5515
171.88345
68.6109
84.302635
191.34735
176.76234
161.7788
111.15348
171.49281
121.13549
198.23509
191.49403
158.03918
187.03835
209.29393
203.71405
166.88646
158.9345
47.502182
118.38665
173.02782
191.10292
169.13602
183.10728
171.93103
140.6797
120.22005
131.76527
229.48134
115.94106
123.149315
198.29803
169.90395
76.77833
170.03186
151.3554
121.83088
153.91872
127.62069
95.92611
130.70833
104.70098
75.11029
113.757355
96.31127
76.48284
97.69141
137.64648
155.08594
184.77927
129.25911
114.74856
121.08148
128.16049
126.898766
140.41153
182.3945
99.42988
132.92247
193.02783
223.62029
199.69038
211.04619
218.79776
251.36769
210.257
99.06998
250.43765
217.17175
181.57124
248.54453
199.65521
161.20102
207.84479
158.60432
119.00509
173.75446
119.39822
81.56234
133.19466
99.47328
84.60051
251.28807
210.13762
99.14679
250.35413
217.21284
181.6422
248.46422
199.56697
161.06972
207.88808
158.69908
118.87156
173.89174
119.25504
81.54312
133.17615
99.51743
84.4789
250.37634
207.3613
98.0
249.2086
215.01291
179.55699
247.09032
197.51828
158.26021
206.27312
156.82365
117.71183
172.07312
117.95054
80.47957
131.91827
98.29247
83.391396
209.6048
190.46507
113.5
208.7342
195.00218
175.59259
207.45752
181.25708
160.87799
176.73639
150.72113
128.30501
151.57735
120.93682
99.77778
120.6841
106.12854
102.78867
235.55711
158.44057
103.149185
82.94673
87.55448
91.06296
131.0403
190.9304
79.091576
148.07692
152.3584
154.93182
62.278194
67.21805
71.1015
65.76048
173.1976
225.29941
227.6393
206.03519
121.475075
66.08904
69.88356
76.53425
66.23497
174.60838
226.75774
194.06757
142.96172
239.14415
236.90434
76.60174
93.14957
240.72984
112.666664
125.33551
237.27805
76.14878
92.36585
148.3893
152.05595
155.16058
147.64215
152.7745
155.56863
236.17
76.825
93.03
244.07959
103.01428
103.1449
244.31029
103.55319
103.55319
147.67447
152.25293
155.35597
147.83545
152.29114
155.3038
147.67734
152.30667
155.43733
94.28364
185.29024
230.35356
147.72446
152.83212
155.6551
147.75478
152.95096
155.83923
90.436676
183.62401
229.76385
91.435356
184.05673
229.91689
94.28364
185.29024
230.35356
94.27441
185.29288
230.34564
94.27441
185.29288
230.34564
51.07843
51.07843
51.07843
205.9196
205.9196
205.9196
251.4075
205.95174
61.41287
237.23956
76.12967
92.33187
147.66667
153.31111
155.94444
255.0
176.2093
49.302326
241.40369
119.27177
131.39578
241.7256
122.60686
134.44063
217.56743
175.59868
146.55263
176.3598
172.46811
170.34778
233.87898
93.55839
107.43737
239.46732
99.85403
113.65904
239.30937
98.27015
112.22222
97.07298
186.54466
230.7135
239.65904
101.80501
115.43028
238.83006
93.525055
107.897606
82.53486
180.25055
228.48257
87.13399
182.23529
229.18518
83.40523
180.63072
228.6122
86.72005
182.06972
229.11765
87.92157
182.59041
229.30392
239.7451
102.397606
115.989105
87.116554
182.23311
229.18301
243.6329
187.4804
31.253813
96.62854
186.36275
230.65033
88.77995
182.96297
229.42375
244.83116
194.61765
54.945534
145.11111
185.59041
105.17865
241.62962
121.088234
133.00108
205.49237
164.21242
242.07516
241.51634
119.953156
131.97603
241.80392
122.72549
134.50653
244.42702
192.11983
46.5817
243.90196
189.00871
36.278866
243.96515
189.42484
37.69063
236.84204
114.78758
161.10785
244.43573
192.20152
46.895424
237.2187
76.51252
92.29883
255.0
156.43272
90.00792
65.94231
173.62936
226.55594
179.1709
194.53125
202.89941
231.15668
167.16827
58.015472
75.16797
127.697266
145.90625
179.59082
178.36426
80.572266
166.1211
188.34766
142.92773
175.89551
113.59375
90.47949
176.91113
134.99121
89.268555
190.36691
195.91727
197.17267
79.02051
144.83105
180.61523
72.70847
168.74406
220.11186
157.14915
77.86555
77.58403
69.390625
78.16113
115.81152
118.27595
165.31772
123.4038
68.89182
157.25462
148.48021
68.08971
157.07124
148.83905
66.229836
173.1857
226.07762
64.54617
70.11742
74.093666
109.499344
108.291176
95.84717
206.57707
190.1581
142.12517
251.71107
228.48416
163.96703
206.77339
190.3531
142.20685
162.6917
152.9407
120.864296
109.694336
108.48353
95.923584
255.0
230.09804
46.42017
73.35092
78.218994
81.94987
248.08894
225.1132
161.63342
248.11829
225.19624
161.72311
241.77734
217.18182
154.14098
247.83849
205.5292
48.128864
255.0
211.6098
73.90192
249.35762
191.77484
65.63797
181.80292
184.59125
202.9854
222.99113
222.88026
162.07095
206.1579
232.73866
223.36842
187.86456
211.8256
210.84601
180.72461
212.7201
232.06546
171.5186
229.89716
255.0
230.08737
222.72572
192.92476
196.41547
210.81482
209.91466
183.26437
183.26437
183.26437
166.91707
200.36842
218.92503
232.50912
168.17336
88.86131
217.73756
178.66437
106.15331
228.70088
196.83871
155.28299
156.51279
118.8782
84.94586
126.16194
182.90688
74.83401
121.78967
172.20842
66.95029
131.15178
178.98215
77.66964
127.2779
164.73523
75.70241
120.37826
172.50217
68.24348
225.15044
76.49779
63.044247
183.78125
113.67411
107.83929
253.95595
176.65416
189.57585
172.66121
113.439255
67.63785
230.62866
154.4268
140.12172
185.96721
171.0765
97.486336
231.19267
209.39809
129.60828
191.39044
201.57172
49.96414
76.11416
181.78539
59.894978
74.95879
179.5783
61.593407
245.17938
133.74226
94.97938
251.18507
209.87714
56.628304
95.53562
180.05804
155.10555
229.90262
132.38081
162.43314
220.2177
94.634834
61.91152
123.72222
65.94444
109.6047
148.12021
118.01394
166.44774
218.17754
219.6907
148.45631
209.88808
115.95596
80.01101
220.41786
161.74641
49.33812
223.13219
218.05132
49.842922
234.85965
216.43108
54.774437
173.85121
151.31142
63.612457
231.76163
83.07413
61.60756
138.69041
192.82704
62.11628
196.77142
210.97346
75.21837
236.18813
151.43706
92.43706
203.20926
91.56604
49.825043
216.15338
107.131905
72.59969
212.11404
154.61224
73.01921
208.62244
138.17851
80.56082
186.30675
144.47035
110.247444
179.11368
128.57474
94.82105
128.3732
97.43627
71.06176
185.49438
185.3146
172.57724
178.58554
180.9528
176.08997
189.89452
163.57806
128.14346
226.98898
197.4022
144.54408
205.95547
184.59418
150.65411
217.63846
177.57051
142.38974
244.89647
145.77525
43.680557
213.99666
133.93813
62.613712
207.1674
190.06387
149.4207
158.43169
152.23169
144.1188
218.10977
164.25215
120.69983
247.78328
195.4198
29.732082
227.40231
218.05934
224.83212
211.92494
169.96349
118.271805
202.4009
185.6632
167.66467
250.10869
112.87733
130.60248
228.20502
186.04463
114.31102
190.61649
113.922935
95.68279
250.34308
175.00266
190.35106
177.54318
149.299
158.26578
212.08768
169.31941
122.30689
191.32283
144.84616
63.032787
202.58661
135.8952
108.24891
160.23067
115.02267
107.414665
143.21613
129.79193
109.537094
128.07199
124.018776
117.881065
164.49893
174.73672
175.49257
221.38376
221.75478
193.09395
239.33574
234.44765
210.01083
178.89697
136.10909
141.43939
211.38065
220.22258
190.0
215.72704
177.6063
124.99213
238.31068
207.5712
161.322
226.44017
200.94017
156.10541
166.3008
205.05777
209.96414
205.03809
214.56789
221.32616
170.35452
163.8313
131.10757
237.87154
176.9927
170.92847
223.67874
77.66063
81.88797
129.62149
141.16823
87.61215
208.01337
125.89153
128.33878
217.47226
150.56898
63.901848
137.96684
160.53316
71.46429
240.16144
169.8885
163.29733
239.14053
169.6295
168.43205
240.16841
168.2741
168.19395
235.11034
165.01859
163.84785
232.41812
161.96167
160.88734
229.88966
160.71893
161.16492
149.45912
196.22012
150.43187
114.59473
110.484375
89.75391
222.10938
82.16071
96.75
180.51837
140.67755
104.06326
180.61612
158.04108
134.01263
186.4042
171.91356
179.8014
187.64108
165.04356
96.975105
140.9987
137.93481
138.36375
178.64247
158.50998
134.28856
167.42932
212.6178
200.54712
106.28223
105.0
95.93945
83.45979
151.25255
186.44507
83.873055
85.795334
81.404144
177.77832
186.90887
137.87685
245.80846
96.21393
106.32089
128.5625
132.10097
134.78606
118.56762
130.32
96.92762
121.37431
129.23634
133.59563
62.698223
67.13018
71.13313
238.50783
167.33286
98.03556
148.24454
122.1332
160.40756
177.13574
151.28694
136.13402
170.00775
98.468994
79.112404
148.01653
169.49036
114.00826
92.1831
126.14085
143.55399
77.65402
82.42641
86.20334
118.19819
193.80312
231.23575
59.67161
120.90042
140.0
213.97478
181.66321
138.65134
90.72753
78.19241
83.82725
220.5255
139.27647
145.77843
228.64241
166.27235
104.23285
126.55613
127.04
127.09419
174.04944
146.60876
135.28813
66.312775
64.95595
60.39427
132.52594
137.33429
135.75648
156.56145
156.31927
158.03133
78.05409
78.33641
78.5686
225.30324
223.7433
223.90268
142.44664
133.60976
134.82622
130.43855
67.11807
67.11807
64.986336
133.24316
183.57924
65.95783
138.91867
192.77711
226.99078
180.44931
39.324886
159.8491
109.4645
52.760357
225.06963
177.25105
32.818565
173.33559
113.26576
43.11036
136.61354
146.29681
152.14343
138.8564
209.03493
161.29883
205.14809
173.6874
149.90494
108.43401
174.95432
63.90609
218.28282
137.76431
100.63636
140.93983
140.93983
140.93983
146.11179
179.87137
140.25421
154.00288
158.62823
85.97983
125.28242
138.9222
117.41787
147.73486
154.34871
122.16427
115.70317
124.75793
102.24784
98.040344
108.82997
88.21614
87.89049
103.74063
88.75793
172.34439
168.0553
134.78041
161.80411
161.90205
166.47078
169.54503
162.67456
164.08531
148.28593
142.34598
145.45656
134.1327
126.64455
130.76619
120.34439
120.00158
132.30806
224.43471
176.42911
63.485073
238.58856
183.16974
36.020294
162.14339
125.061455
94.072624
165.55234
139.21764
119.38567
170.47195
161.58824
164.1026
155.36351
170.88402
153.56577
151.26622
172.58784
184.56757
150.84729
166.65271
178.72028
137.52432
153.04189
163.46486
126.49054
139.82567
150.88513
112.77567
133.13919
152.18108
127.39255
142.33772
103.35307
121.41038
133.45047
117.68396
129.50471
136.2618
116.94811
111.903305
119.72406
102.93632
100.60849
107.74764
91.70283
91.04717
103.087265
92.70047
153.15692
159.03384
96.53231
147.86035
88.260345
95.8069
214.056
169.71466
143.72267
219.79947
223.21504
223.0343
155.32468
116.17662
66.6
142.6
116.28889
121.25397
231.06119
90.55556
91.40096
165.6123
189.72559
204.65234
180.92871
204.03027
155.78125
208.4502
219.12402
179.55566
190.87755
167.86848
62.95238
213.36842
179.52632
154.62305
185.49873
203.96455
169.77849
173.69093
151.63246
150.37709
192.83238
201.62035
207.79083
206.04785
205.01074
164.41504
166.66016
207.85156
199.56738
186.91406
207.10449
165.80566
161.21861
174.1065
170.20291
211.82379
171.56682
149.49927
189.54974
166.6097
119.85204
117.283966
134.29622
135.86006
173.71828
177.38925
180.94194
173.97562
194.05284
188.82622
182.70631
192.19676
199.39647
168.52942
173.62276
176.8734
125.0904
155.16629
141.75781
163.71785
184.49643
171.80893
226.5376
159.32869
184.37187
222.87361
181.81389
153.76527
212.2316
180.88754
161.41634
168.61847
164.34137
151.33133
210.3554
153.49208
146.4072
213.0416
64.259964
59.428078
203.873
147.68716
130.74733
153.00412
182.25102
195.29767
187.12436
188.25389
189.14508
77.5935
82.19512
85.97832
219.91953
70.837555
127.18629
229.41405
172.08475
11.118644
193.29863
195.25479
194.91232
202.98634
153.46721
124.02186
255.0
224.97362
189.01056
254.00528
207.9789
171.95778
214.0
164.96834
124.058044
179.93668
125.05277
86.05277
138.04222
104.079155
89.0686
175.8707
160.82414
156.50345
205.72655
185.82634
191.8503
167.6743
124.824875
94.006546
133.31969
144.43622
151.57953
174.36234
161.2057
163.34969
205.86989
144.21053
74.14327
212.77928
178.18468
107.67417
206.43028
201.10757
203.28088
106.37736
113.142235
113.48621
154.02336
183.10124
73.216515
147.04173
186.64142
60.58578
82.69546
211.61818
217.12273
175.14938
170.88382
56.27524
146.25095
182.20378
58.073586
161.14651
122.467445
83.611626
162.96468
162.58017
161.86957
169.00153
134.6458
105.10381
202.9405
199.79604
206.36543
171.04341
131.02411
98.99679
196.60617
100.87645
77.673744
223.2515
199.82484
195.4491
194.47093
161.90843
132.12791
227.94553
141.73604
166.79749
148.06241
110.80425
97.19149
164.28728
169.15071
175.79591
192.92775
129.02312
178.8396
216.27646
187.05371
162.54503
124.335724
172.66248
50.955116
100.125
107.95082
111.625
158.50076
153.02435
126.334854
139.56879
82.92953
90.97315
108.30357
145.14464
159.43214
185.56033
140.45604
88.760735
202.8028
163.00174
126.21641
156.92293
163.6551
78.44894
248.77551
202.5807
69.71429
248.24376
204.34933
67.428024
99.55501
166.64203
181.38753
156.17055
150.61551
143.94418
167.82013
178.86174
184.97047
239.90367
131.81346
177.27676
223.89189
179.05237
139.28548
220.2824
170.12186
125.13733
74.44684
180.37012
213.50201
203.2921
187.75774
192.29553
183.76524
157.81097
156.13567
205.81451
159.74731
102.34006
206.10553
201.3417
204.1139
119.14322
125.69054
123.93223
146.47633
174.95114
69.19237
101.42908
203.89894
231.39539
199.8128
163.2624
119.2
175.91333
136.97166
107.10333
190.95605
158.5
129.9106
238.03111
154.13861
176.93776
163.74963
177.04393
97.61054
236.50838
181.1857
119.68037
137.57204
153.3757
161.56921
153.11966
119.28083
87.82051
177.6061
186.93138
194.18297
233.20921
141.49467
167.18085
65.887375
173.55972
226.61092
167.52052
138.1663
105.60043
186.29062
184.91696
179.98375
111.81741
132.78557
144.66455
250.5112
208.20709
98.466415
249.37874
215.67537
180.28731
247.29665
197.75932
159.1362
206.54477
157.54477
117.86567
172.76306
118.156715
80.656715
132.20335
98.83582
83.908585
252.48361
214.46312
100.178276
252.34427
218.69672
182.52664
248.54918
201.8996
165.90984
210.98976
159.93852
118.4959
133.95082
100.01434
85.06148
218.64365
95.093544
103.115814
216.75954
101.438934
110.30344
251.2627
209.60045
98.8543
250.19867
216.68211
181.13245
248.14569
199.03752
160.50552
207.36644
158.24503
118.67108
173.31346
119.06402
81.24945
132.87637
99.192055
84.262695
251.27153
209.6137
98.86976
250.21634
216.66446
181.09714
248.1788
199.07947
160.46358
207.37968
158.24283
118.7064
173.3267
119.11479
81.27373
132.86313
99.14128
84.27594
251.34753
210.26906
99.0695
250.4094
217.2282
181.4698
248.61298
199.66219
161.21477
207.88763
158.59102
119.09213
173.80089
119.52796
81.48099
133.27866
99.492134
84.54157
251.33932
210.25618
99.07865
250.42601
217.50224
181.86324
248.5852
199.73318
161.55606
207.90807
158.8722
119.10762
174.05382
119.51121
81.58968
133.28476
99.7713
84.84978
250.34755
207.45656
98.061615
249.194
215.17981
179.75237
247.07256
197.4716
158.41167
206.25394
156.98108
117.6246
172.22713
117.87855
80.3959
131.94637
98.34069
83.433754
227.2135
205.84772
115.74411
226.35323
211.78964
187.3909
224.79434
196.52591
169.9325
189.24214
160.83647
133.32704
159.6609
126.77551
100.499214
124.414444
109.32496
103.33595
251.4
210.29347
98.91956
248.66087
199.30435
160.98695
207.37173
158.5
119.141304
173.25
119.60217
81.11957
133.0261
99.35217
84.732605
250.46803
207.73059
98.29452
249.22603
215.40639
180.14383
247.16667
197.67123
158.8242
206.48402
157.19862
117.74201
172.53424
117.974884
80.621
132.1621
98.58904
83.60046
250.46803
207.76712
98.33105
249.22832
215.40639
180.14612
247.19135
197.66287
158.78133
206.4328
157.1344
117.767654
172.43964
118.006836
80.58542
132.15489
98.51253
83.53531
224.86795
197.25926
111.613525
225.47987
203.47021
175.57166
216.77939
185.35426
158.1562
183.37198
152.71176
125.09823
152.8422
119.657005
95.17874
117.12882
101.36232
95.08373
251.21535
210.22029
99.14109
250.27722
217.24257
181.32674
248.41585
199.27475
161.12376
207.57178
158.59406
118.96287
173.78712
119.428215
81.32426
133.10643
99.58416
84.77723
220.86472
187.3053
59.084095
153.62746
157.38725
208.04411
62.615383
67.273506
71.17094
181.8087
201.01215
210.7581
69.35255
168.8606
218.51743
64.21646
133.66727
182.92844
233.77884
104.88702
151.53125
239.49594
113.066216
103.940544
97.430595
100.11615
107.3796
254.68852
166.7459
192.19263
76.730354
161.9507
191.29738
137.12364
164.94836
169.96739
90.480705
91.063156
91.692986
133.45032
136.47147
138.6723
111.59155
108.09658
111.893364
153.3477
155.15517
119.574715
194.1526
71.67857
75.483765
71.476685
168.09067
218.32384
65.9588
138.88577
192.88951
67.310776
131.7757
177.19423
236.36465
195.89987
79.435104
189.5148
162.17503
139.91505
231.25096
188.91635
147.3063
168.47234
131.45174
106.71429
133.5058
98.208496
76.82368
111.934364
87.54955
78.570145
241.99628
189.51364
61.0732
156.43355
129.49689
119.44224
223.4236
181.52174
139.98633
144.44844
111.91553
100.44969
106.478264
80.34037
73.03975
94.171425
74.241
73.95404
243.23721
202.25568
76.525566
197.54468
172.3532
146.58582
232.65248
192.10071
149.52199
172.26099
135.66525
106.87943
136.50922
100.2539
75.13475
110.81277
87.487946
77.10071
246.67902
193.72963
44.67284
151.12454
126.8815
109.78477
225.1306
184.08223
131.75453
135.38332
105.75937
86.75211
92.12455
69.2769
54.949215
77.29383
61.875454
56.04353
243.92975
197.47833
64.19432
204.19516
151.87746
78.311646
156.4469
160.94247
98.26844
244.00716
168.7192
72.93553
184.50581
179.40903
116.94839
166.75711
168.53358
161.45737
178.95737
171.77261
159.07106
148.69638
142.16408
132.9522
109.41807
111.04258
114.46968
186.02429
146.8077
73.66599
231.40175
199.82712
116.37687
181.6704
165.39304
154.20772
219.96767
194.4204
164.7102
171.54105
151.70895
139.25995
147.70274
131.09204
121.16169
138.59079
126.52861
121.79602
228.89359
199.73032
111.978134
228.85132
202.09912
160.1793
228.25218
192.25218
150.49709
205.5204
168.3105
123.64869
186.3484
145.44753
102.41545
162.62828
133.74344
104.36152
179.3814
155.93315
110.964615
176.50262
155.52356
146.65576
178.16164
150.20763
140.52957
159.79189
131.24869
120.50916
144.84535
114.05112
105.12189
128.0118
105.68414
106.39188
146.80103
171.53659
152.0629
146.79974
172.95378
182.57895
146.45572
166.74326
176.55199
132.1579
151.5597
159.48524
119.91014
137.11424
146.12965
104.74583
129.50578
147.5982
208.68542
192.47697
117.35422
208.66113
195.12149
174.56778
208.03325
183.8491
163.26599
181.45013
155.23914
131.38618
172.7468
141.19565
118.251915
144.85039
127.185425
120.23146
165.04884
166.28223
136.8521
165.0966
167.53877
163.63402
164.76326
162.05305
158.31429
152.16576
148.72554
143.27718
141.60081
136.16348
131.25613
128.37823
129.60953
132.41496
214.96979
195.94713
123.25529
201.49321
188.52942
172.68779
180.12218
157.49019
139.1644
158.38763
133.51433
116.72398
136.58069
122.791855
118.65913
239.68387
173.16138
72.89418
234.73615
171.20976
108.33905
238.50133
167.71825
103.281746
219.45514
147.87202
82.82586
204.01056
130.53825
67.26649
187.06332
122.01715
68.47098
245.53883
194.67818
75.94821
168.78299
141.20839
131.37854
228.20222
186.85944
148.5894
154.7127
122.29593
110.73613
118.84217
91.96794
84.19359
106.26387
85.70777
85.07892
149.05322
102.99133
92.69183
202.49342
106.48849
97.33881
114.57879
216.72879
196.99243
212.38692
201.93172
150.08392
179.303
179.19489
179.97867
205.0384
197.72974
186.33855
171.16643
167.25746
167.06259
153.51208
151.41252
153.26031
145.14651
147.23613
153.85349
179.74783
206.42464
87.13188
140.37534
133.55342
182.95479
210.77502
110.23856
97.42398
186.14964
181.86188
181.86188
229.1257
180.82204
101.09322
170.13559
140.13277
150.28249
215.6483
173.73164
162.14972
156.17372
121.144066
129.6017
125.97175
94.56356
106.118645
112.629944
87.88418
107.09605
102.3812
98.61619
83.03264
102.37598
99.156654
94.60705
102.28628
96.87712
92.33726
96.89673
91.087585
85.88628
92.174934
85.56919
80.87598
86.53595
82.75163
81.281044
191.89809
102.78981
90.79618
230.72186
131.42676
101.15286
180.97878
86.900215
73.617836
155.5499
64.50743
54.303608
144.11465
58.77707
55.044586
154.54039
118.654594
124.01114
243.91438
175.28082
83.61644
242.93987
179.82819
129.67697
241.60652
169.37114
116.77319
217.74742
146.78694
94.52062
198.36255
124.48625
73.10996
175.4708
113.35395
75.290375
223.96027
181.551
105.32583
177.95811
152.16371
155.7995
214.00621
174.98138
162.8747
159.89082
126.53598
130.26675
129.90819
98.42184
105.30893
112.138954
89.65509
106.51613
223.74907
179.48314
104.43321
160.99614
136.15315
144.4067
210.88675
174.9807
159.4157
150.66151
122.31789
129.2973
121.59074
98.1184
108.23424
111.88674
93.27156
108.96139
201.2133
189.47478
196.97247
193.51543
141.80556
155.05556
146.14447
187.60413
152.01126
219.66245
73.719406
81.92405
213.98036
201.53474
207.358
175.30066
203.75816
208.64052
169.1394
109.215614
231.21933
244.62329
159.23288
78.86438
164.46187
139.01271
123.66314
240.7371
166.36609
83.469284
248.88773
153.22455
165.93562
246.9227
113.710526
115.71381
244.25151
103.30181
103.30181
244.12103
103.2123
103.2123
255.0
101.68912
156.93782
244.63637
104.189896
104.189896
102.57447
201.80319
242.40602
198.78192
231.50533
84.67908
255.0
221.76419
125.15071
205.87766
169.41667
247.27837
242.09929
123.4078
124.00177
245.96178
109.07856
109.07856
255.0
64.0
132.93843
146.8873
197.21745
230.45079
238.7038
195.38388
59.14692
200.94649
71.07358
71.07358
89.92453
81.04906
73.65283
65.88417
173.58301
226.7915
243.77995
113.64488
39.237473
101.71706
177.0969
238.91473
101.43689
177.22087
239.21602
146.13628
181.90796
201.71858
149.31682
120.73123
101.71321
250.6952
208.5976
98.61644
249.58662
215.95712
180.38936
247.55821
198.16438
159.39555
206.68835
157.68835
118.1113
172.80994
118.44007
80.688354
132.34589
98.9726
84.08048
255.0
215.63742
109.28868
78.68874
178.56557
228.02782
208.07603
208.07603
208.07603
237.54726
77.47263
93.90547
237.48799
76.15165
92.74775
177.8
168.12769
103.441536
136.15892
177.15648
106.50367
130.91711
191.0
79.073875
149.5625
167.22437
174.84937
183.60199
149.0311
124.702736
141.21124
180.07875
103.785
104.27875
170.1025
208.7675
180.78
138.5625
223.9525
167.57965
194.332
135.04686
141.40765
183.46306
100.31662
90.08729
170.69678
210.73047
95.152596
99.90044
103.39827
70.70646
140.87769
176.12231
151.6478
132.79245
132.39517
213.9407
214.23846
214.44928
203.91963
153.39789
233.20818
222.85037
135.49481
88.39259
197.0316
85.03633
48.80095
191.01451
201.84839
207.70645
205.81279
215.70929
220.63623
202.67346
171.22993
176.94557
188.14404
172.38907
179.11093
158.98184
188.2708
149.72314
200.10742
229.27344
216.97559
238.91309
199.84668
204.45117
142.60655
136.93579
62.523224
216.85355
199.6716
185.79585
223.26549
95.038345
106.59587
229.72353
108.77059
120.69706
147.26376
153.88531
156.7867
215.11111
182.93024
110.25065
251.68576
203.63586
49.874306
198.45479
196.76027
198.22876
191.94025
148.5737
119.10491
77.62177
149.62607
185.68768
159.2808
125.54871
194.29942
222.14014
107.31488
116.82872
191.79306
196.40103
197.34705
144.38327
188.21254
105.98781
99.65505
175.72823
216.8467
243.38153
190.2561
90.585365
180.33907
143.42517
135.55232
237.47806
191.9834
198.23013
229.3245
213.80217
183.85887
242.14119
220.43231
186.54149
88.845825
95.70021
99.41113
104.99087
118.30441
90.76408
141.62372
151.7732
153.85696
161.16064
175.54752
182.9344
157.20926
94.12222
114.68519
210.73041
149.6301
159.47963
195.78987
112.630394
91.06567
194.82506
150.73499
119.21802
184.99503
202.46326
214.80573
187.88086
211.00134
223.12183
202.83372
188.27435
197.4228
91.15069
87.190414
90.658905
94.03825
87.577866
91.325134
122.22131
116.43716
120.85929
100.949455
96.88115
100.34563
215.69406
76.601456
83.9615
219.67302
152.7793
14.94278
181.44554
183.64851
184.89934
82.84375
84.06944
82.47743
124.39504
108.48631
60.981747
240.75516
189.71649
46.57732
244.46042
192.41953
47.614777
160.20053
80.66623
88.576515
95.936676
186.00264
230.59631
70.35183
76.045395
80.11097
96.568375
95.883194
81.67094
104.20211
126.21568
138.46153
113.89853
96.88117
137.0534
198.0405
150.22626
118.66201
120.93158
135.18771
141.11052
88.86394
92.899605
96.215324
181.05339
126.25728
127.03883
91.80369
184.23451
229.97101
96.20817
186.16864
230.64822
97.18338
186.57652
230.79683
147.50465
152.82681
155.94786
113.04569
192.85901
232.34334
255.0
204.96825
51.13889
255.0
205.28297
51.076923
173.11548
93.74278
100.7874
153.74202
162.09308
167.29521
142.89511
163.4802
174.50583
122.45719
166.45547
188.96404
104.68736
126.30155
42.42572
75.88942
80.16827
83.875
213.67752
218.64821
221.82573
214.69594
219.71382
222.94147
187.9184
184.81264
120.13793
218.25064
220.94118
213.17392
231.96
189.2075
86.295
233.01772
186.67088
76.237976
185.04593
192.60777
189.76324
169.47757
89.943275
97.85356
237.50238
96.89524
88.311905
148.68895
151.73007
154.67609
163.35854
169.29726
172.74968
147.65283
152.21179
155.3297
147.56075
152.13785
155.31308
147.70686
152.0189
155.16312
147.57716
152.13107
155.27061
147.57913
151.97122
155.03957
167.68016
89.02089
96.88512
220.29411
221.42592
222.37473
103.77573
189.41821
231.81267
86.737465
182.02374
229.19789
86.89446
182.1029
229.21107
99.51583
187.57124
231.17151
84.29156
180.97626
228.81267
255.0
177.02106
60.43509
148.0406
148.80128
77.083336
148.19453
151.86626
154.71428
174.47113
149.71428
70.47112
145.62917
157.10834
162.79167
153.35257
160.375
163.20512
119.19087
134.75726
136.75934
91.757576
97.371216
99.94949
167.25061
180.09091
187.70761
159.21222
117.322136
171.55267
193.62556
143.03197
239.59361
116.073586
150.39812
104.65472
254.07281
175.6699
49.49029
139.10588
139.10588
139.10588
118.2902
118.2902
118.2902
235.94656
80.72265
96.142494
66.0
173.0211
225.98944
241.90506
122.07912
82.0
66.56329
172.82912
225.46202
65.789474
172.91579
227.12631
237.06271
75.98432
91.97561
237.05629
75.99007
91.97682
92.255264
183.97237
229.60132
91.201584
183.98024
229.84586
237.6308
76.41558
92.92022
183.42543
191.36674
177.022
143.65639
135.44714
116.592514
203.55145
191.50964
170.71864
186.53688
138.37485
136.1197
245.24248
185.78407
58.874336
107.50132
122.54353
130.06596
107.87203
122.87071
130.37335
107.61082
122.63984
130.16095
107.86807
122.86675
130.37071
107.54485
122.580475
130.10027
106.742744
121.86148
129.42612
107.54089
122.577835
130.09763
107.86807
122.86675
130.37071
107.558044
122.59235
130.11742
107.86807
122.86675
130.37071
107.50132
122.54353
130.06596
104.20712
119.584435
127.278366
107.935356
122.92744
130.43668
107.80739
122.81794
130.32585
107.79947
122.81135
130.3219
107.940636
122.93008
130.43932
106.57256
121.70976
129.28232
106.5
121.64644
129.219
107.935356
122.92744
130.43668
107.80343
122.81399
130.32454
107.80343
122.81399
130.32321
107.93404
122.924805
130.43404
107.22559
122.29816
129.83113
107.096306
122.17942
129.72296
205.72495
192.7739
174.96037
144.2278
115.89189
99.64865
120.39255
158.60172
177.23495
163.50119
133.37292
69.30879
105.88806
113.64776
107.08358
105.740295
112.280594
114.45224
101.20228
107.91453
109.91168
97.66239
103.75926
105.96154
93.30769
101.60256
106.27778
69.70083
75.518005
77.45429
98.12302
79.65476
77.934525
151.08945
151.08945
151.08945
109.168015
72.08704
81.63563
144.62791
129.57907
165.60464
112.333336
171.79579
208.06306
83.11192
87.74452
91.27007
171.39073
127.35761
104.95364
88.92938
141.16667
90.9548
251.0
209.37245
98.87925
250.01701
216.63605
180.89285
248.07314
198.78911
160.21768
207.29422
158.12245
118.67517
173.21428
118.97449
81.14966
132.78572
99.256805
84.36565
250.03896
207.42857
103.07359
248.87878
215.2078
180.69048
246.85281
197.94156
159.95454
207.7619
159.54546
121.58225
175.23593
122.2619
85.88744
136.82251
103.81385
88.93073
251.04402
209.48239
98.85915
250.10036
216.66902
181.23064
248.16902
199.14436
160.54753
207.55458
158.1567
118.64261
173.39789
119.04578
81.426056
132.97711
99.29754
84.28521
77.29493
87.048386
98.20968
197.60973
206.36284
203.87282
207.63916
214.39159
225.09062
112.8047
105.59529
109.40471
142.36035
158.52441
161.13281
238.04282
192.02267
62.72544
144.34502
131.47685
109.05891
163.62602
165.22392
164.38687
170.42319
181.59973
182.64421
194.03122
149.5234
157.20769
176.50424
175.47876
174.64589
137.97607
104.84689
79.63158
168.37471
170.39081
171.97472
156.37227
133.2214
117.875916
70.28624
117.42752
144.80551
41.35018
42.368233
42.953068
237.30052
75.998276
92.55786
225.44693
122.728775
130.66156
191.0948
212.45709
195.4501
99.97461
152.48047
178.95996
204.81165
149.77397
158.64383
81.46759
152.87732
195.82176
98.45652
132.01305
65.0
171.49452
187.40549
172.45068
220.83923
196.09874
111.24051
235.10541
206.85243
112.67589
204.18701
189.98961
120.31948
232.92348
201.96306
100.937996
233.72955
202.65172
100.94591
223.1748
199.69794
110.33034
222.36807
190.72691
96.080475
220.875
205.59901
121.28218
227.04465
116.74745
103.33801
242.13193
208.95383
97.18074
243.69261
198.72427
100.923485
240.92699
200.94785
98.66884
241.07124
207.9591
96.72955
235.70573
163.95262
103.18578
188.05782
164.22865
82.616295
240.19392
207.1438
96.36807
245.89973
212.50131
99.253296
244.1992
210.91293
98.53694
240.9116
207.81003
96.66755
233.10283
207.4923
107.41388
244.58575
211.24934
98.20976
246.35132
216.50395
115.19342
235.52106
202.85658
94.47369
241.75066
208.59894
97.02243
241.2785
197.20078
97.31606
245.47098
200.2322
101.70844
235.45778
189.79947
97.762535
235.64116
192.1227
107.66491
234.60686
188.99077
97.402374
239.24506
206.29512
96.46904
242.45323
209.26086
97.30039
240.4657
208.84169
103.28892
228.12929
105.20316
104.14776
225.51625
207.58388
128.06763
241.2332
195.55731
100.08696
242.26187
219.72716
144.01584
234.26482
206.94467
104.57049
235.70976
203.56464
97.61346
227.16623
195.84564
94.939316
232.6306
206.18074
121.3839
228.21504
196.82454
95.37599
207.63612
198.54974
105.34293
220.28629
188.26385
91.31399
234.00659
205.83267
112.21739
206.7804
195.11662
122.38089
240.02109
207.01712
96.801056
243.14493
209.91832
97.61265
225.7622
200.99744
105.965294
226.66249
194.75157
109.18068
234.93008
207.02902
115.62665
242.10555
201.32849
119.48813
221.46338
198.09596
103.42298
230.45647
198.44327
94.51847
248.14249
214.59631
100.19261
248.6438
225.65964
147.59631
196.27148
192.17061
194.83188
177.0125
184.73875
196.7275
201.15625
198.13374
200.48875
212.49625
172.49126
174.30125
202.7025
201.14375
203.36
212.29
195.7825
199.045
203.33624
201.75874
203.96375
197.56581
202.39606
209.83026
196.48625
193.55624
196.1375
245.05673
211.70581
98.897095
242.50264
209.32454
97.8285
244.40974
215.12384
116.47035
226.27472
178.04945
121.93681
169.89148
139.33241
163.51373
211.4945
171.07692
175.10715
160.4684
125.89149
148.8173
134.67033
103.79533
129.48627
125.49588
99.34615
130.31456
217.58786
170.32945
158.02455
194.07623
154.8553
191.82558
211.8217
165.24161
193.47932
181.06073
137.12532
172.47157
163.19896
119.64987
156.58656
150.71188
113.406975
157.50645
181.07777
181.35873
106.739685
130.06032
146.22064
152.21587
169.72064
174.97778
162.25397
117.77143
128.23016
132.77618
90.27619
103.81746
111.70794
77.68889
97.5254
112.63016
189.63063
149.13963
119.59009
183.29344
140.70798
107.53276
188.53102
150.61905
123.25685
229.0237
178.97867
116.074646
177.17912
143.31673
161.72005
217.26335
172.42705
171.70345
163.74496
124.91103
141.67023
136.19098
100.423485
119.9395
123.24436
93.9573
120.88612
231.0
204.38048
116.23232
230.70679
211.13728
188.82712
228.94406
195.23221
170.28305
192.5644
159.12881
133.1627
162.3678
124.154236
99.784744
126.2339
106.68305
102.67627
227.77066
178.02422
90.54131
159.07977
130.44302
140.6624
212.50996
171.24501
156.32051
147.73647
113.96866
122.82764
115.790596
86.70798
99.263535
228.35185
178.55983
91.27635
159.67522
130.99146
141.33476
213.11253
171.7849
157.00713
148.3604
114.54273
123.53276
116.12393
87.09972
99.720795
104.507126
81.273506
100.448715
197.08995
199.52301
111.37238
193.61507
205.06903
168.06694
192.682
192.85774
154.43515
165.14226
164.78242
124.67155
139.62761
137.96025
101.175735
112.759415
123.04603
101.03766
173.2275
183.35071
185.55923
180.61243
163.17131
91.67238
139.38123
146.85043
97.96041
155.56856
153.01672
72.95652
137.9659
168.39099
153.31303
153.54904
179.5022
193.91069
173.3274
125.21781
100.15343
101.29684
112.45779
81.31794
114.779686
134.16739
133.71817
125.72807
138.04887
109.152885
146.13586
159.05371
124.83886
117.46738
133.18509
101.07191
173.51195
147.55672
71.70149
109.629684
120.15118
124.70874
116.81744
127.100815
134.73433
136.97514
179.76796
199.12984
148.86102
155.88179
160.92012
189.14714
168.78828
169.8904
172.34627
121.2313
117.135735
129.77777
134.94444
139.47421
122.85084
131.94977
133.47336
173.65189
161.84479
84.90022
180.13005
169.49422
80.25289
173.8412
103.41846
93.502144
76.78642
129.88411
161.87251
80.87041
126.98704
150.6609
126.85064
115.233154
116.14572
188.67244
111.51181
100.916534
153.58989
166.33427
175.39607
145.24937
144.5188
104.46491
154.55151
88.43879
96.35879
156.72704
133.5313
140.84288
158.71751
102.235405
111.0452
200.05754
139.5801
134.66252
151.20801
171.11403
138.68875
138.52234
162.68721
157.34053
148.36055
168.49307
158.44992
131.8675
152.9168
146.7735
121.75038
143.24037
137.96764
114.85516
139.79045
138.45917
141.34042
174.57446
185.94391
126.8993
116.53396
88.98126
127.92857
118.15625
92.18304
161.4566
144.65799
118.02431
212.5434
110.40377
109.254715
229.43637
100.77576
102.77576
146.63954
112.882484
86.25876
231.89279
80.27416
96.001755
193.3096
197.04471
170.85596
166.35257
102.82309
99.83563
98.21636
187.00792
230.94987
161.86676
82.33245
90.242744
94.562004
156.59235
202.29947
156.61873
77.085754
84.99472
110.117645
151.36235
163.01176
160.00792
80.47757
88.38522
131.01106
114.210175
74.37389
112.14602
101.50221
92.89381
126.7146
111.65487
96.10619
106.676994
93.56858
84.391594
95.86062
83.78761
75.73009
90.34734
81.048676
76.08628
149.37634
144.41936
93.29647
148.3475
145.14223
98.94428
148.94722
144.63344
98.1041
145.70674
141.37244
94.90909
143.29472
138.6525
92.318184
140.5997
137.3343
92.585045
134.32472
135.39114
115.02214
162.71956
154.81181
121.19188
122.74908
118.53506
96.85609
101.16236
98.5572
79.350555
88.98524
92.553505
80.254616
157.54222
78.00923
85.918205
164.9083
132.99623
32.018845
97.510124
156.37468
194.96075
234.9267
97.73429
149.9712
113.33905
168.11609
208.46042
255.0
151.81267
82.234825
195.70412
197.25093
190.68164
103.73018
188.57545
230.22507
154.01933
204.84392
227.46132
221.25183
202.18567
155.21324
202.94128
189.70642
175.40367
217.18532
199.19266
178.2
196.48807
180.52293
165.51743
185.35046
170.04036
156.06606
178.88257
166.9156
156.75597
203.52621
197.62524
187.91068
59.752617
146.04843
203.2788
59.09235
145.96834
203.57652
84.45383
160.06464
210.25594
70.8219
152.41689
206.69789
88.83461
158.9464
184.17458
69.858444
116.363014
144.09132
126.95544
128.6114
126.04249
140.96178
164.72452
176.91402
151.35631
108.50084
115.11597
147.6337
187.79854
150.53847
161.57394
150.0581
108.246475
169.66977
181.53644
187.82945
95.53053
99.46565
102.54835
130.63043
145.67664
106.48234
152.7926
164.92075
100.45178
148.3506
138.0757
152.02191
141.0402
189.54424
210.01877
145.25284
189.21022
212.19318
146.34247
183.18356
202.55617
187.2653
195.58546
202.07271
230.37315
209.86453
126.344826
215.51846
199.02902
92.560684
239.06061
204.67325
104.01976
215.75726
187.89445
96.22427
235.72888
214.32741
137.10518
238.32237
218.86052
152.94868
140.0536
166.87306
155.95769
228.80481
202.1242
144.59315
250.60674
208.34831
98.46067
249.54831
215.7618
180.21797
247.44943
198.0809
159.1573
206.73033
157.44495
118.044945
172.6764
118.429214
80.69213
132.33034
98.80899
83.79551
222.89453
76.79661
91.27683
191.26471
148.80392
99.446075
99.44053
97.62115
99.88326
91.12973
78.63649
77.39189
233.50769
189.70462
182.03693
245.42531
198.42706
41.488575
221.15141
222.22876
223.13725
228.13507
228.80501
229.36383
228.19934
228.86601
229.4183
232.6024
232.99892
233.34096
229.4085
230.0
230.50218
229.77742
230.32268
230.78168
228.41504
229.06754
229.61874
229.05882
229.67647
230.1939
228.16776
228.83769
229.39978
231.87364
232.32571
232.69608
227.78867
228.48366
229.061
228.16449
228.83116
229.39543
96.29935
114.48758
156.70981
186.61661
151.28854
88.69697
173.17787
136.18578
120.59684
170.74176
108.347824
95.06324
168.12534
108.436676
117.939316
96.4058
116.18841
163.49539
202.26385
51.69129
74.936676
163.05666
89.794464
77.735176
112.37731
160.9116
219.49736
221.63553
227.06447
216.73027
165.73781
152.4967
169.74835
244.15414
147.2477
156.834
92.542816
113.25955
162.54941
104.8722
182.36363
198.11989
140.9552
110.80896
117.4888
154.35573
137.37022
125.517784
138.4216
147.71805
118.94203
143.34782
144.33861
99.38208
133.00792
134.41953
61.26385
192.21475
135.45981
67.262184
187.08696
136.02371
84.23584
198.49539
173.87747
134.19763
223.66272
154.89459
154.89459
214.15921
179.7658
153.20921
211.71768
155.90765
73.09103
229.78893
223.56728
215.40106
222.8419
111.33465
121.5112
223.93413
191.85243
88.26087
194.30698
155.42688
65.708824
172.73781
179.34123
183.60738
146.42424
175.27667
88.030304
108.744736
159.83026
145.8329
247.90132
163.69606
104.767105
182.6917
116.18841
143.0593
165.40184
190.32675
206.81686
188.0975
107.220024
82.96179
131.48354
144.4743
166.59421
243.44473
168.71579
176.15526
123.77705
156.70053
52.415565
143.99605
146.37022
143.834
194.89342
143.55527
116.4671
196.45718
149.17523
71.162056
239.9789
105.59103
118.941956
211.61002
210.50989
124.055336
95.19104
116.308304
164.72728
196.7075
128.23189
150.29776
198.08037
151.52965
66.137024
189.20183
158.61992
88.37746
190.94994
164.60606
185.37549
188.03952
136.2859
147.90382
167.32016
161.7971
188.67325
116.333336
130.29381
168.82346
73.242744
113.19921
149.94855
98.68511
134.93018
98.97497
239.97493
231.01187
219.52507
198.88538
156.70619
176.12253
189.71895
119.80653
71.87582
164.19104
165.71014
183.13702
136.02899
195.00526
173.10277
245.89064
164.32542
172.40974
157.37549
150.21475
85.91436
172.22925
149.38998
166.44269
186.66534
186.35573
147.17787
243.72894
147.71579
72.2171
189.70883
157.29117
88.4664
119.565216
153.7813
171.35706
186.91699
138.16205
138.33333
166.55394
139.74211
116.02763
164.68774
145.5415
120.223976
243.73158
147.71448
72.210526
176.08301
142.38603
86.40448
54.94723
101.7942
151.43799
158.93054
194.86107
221.42726
117.87747
166.12912
201.98288
100.79297
120.11328
163.3737
72.1372
142.83113
194.93668
210.28722
176.58366
191.68379
193.39711
167.47707
188.22673
153.83795
178.97365
91.70487
218.44269
142.26746
158.57048
187.39658
152.29381
72.72727
242.66667
157.13834
165.64427
182.21608
164.15152
49.018444
244.22955
190.219
171.44196
184.5481
142.01712
57.944664
231.06316
145.89737
151.40132
225.08168
160.16205
160.16205
208.40579
155.99605
67.241104
106.48813
112.76913
85.94459
179.25922
170.73027
151.88026
156.15283
193.11858
220.50989
100.332016
114.65876
154.52701
132.80632
198.2477
224.70224
95.18972
107.10277
150.36627
192.87863
147.4103
62.777046
184.19368
160.33597
92.32543
239.25098
97.168625
111.47843
92.97892
114.639
163.71936
134.27536
201.3531
234.67062
190.39922
156.05666
175.91304
152.0593
93.540184
123.99868
209.84322
179.46904
150.53886
149.64163
162.16074
154.57707
243.11082
162.65059
170.57497
217.62321
200.35332
142.8579
178.71838
206.73141
227.5189
238.6029
92.101585
103.077835
204.63625
207.02217
122.42634
164.19104
165.71014
183.13702
163.19499
130.23056
121.270096
213.97629
182.07378
156.57312
140.94598
120.25297
157.13438
208.83182
175.73273
150.4146
246.11052
202.36842
199.80527
141.76944
154.32147
55.378128
151.75757
142.59816
115.735176
243.77045
219.20976
221.64775
154.03821
126.349144
103.142296
246.29419
85.741425
69.79552
164.26315
114.26579
145.13289
214.62318
145.42293
137.72464
187.63684
171.79736
134.49342
149.41022
125.66711
72.69987
173.59816
125.7444
154.17128
211.2876
205.08179
211.25989
168.27632
139.22632
118.96579
102.370224
119.370224
155.36496
139.05
104.892105
143.18684
232.58684
177.3592
172.09079
91.240105
192.58311
225.04222
154.00659
91.8498
114.92095
217.56258
145.42819
56.974968
200.2477
154.86166
174.14624
175.425
201.2342
190.4671
179.11989
143.11067
57.283268
179.45059
162.29381
178.49144
215.31621
130.11462
140.30171
112.39474
101.83947
82.767105
231.5541
51.35884
73.82586
224.99474
159.9025
159.9025
178.11989
134.60342
97.35573
242.8971
138.64908
72.98417
190.94994
164.60606
185.37549
194.29024
153.57388
125.14776
155.4
150.58817
160.03159
243.92754
125.610016
75.67721
201.91699
161.15678
64.57181
209.77997
169.9921
95.073784
139.51515
98.01845
102.06588
148.34169
199.36543
98.93008
65.20712
142.33246
189.32849
156.90645
181.28722
210.34651
121.03826
155.98944
52.60686
96.76943
116.40053
160.00659
238.91042
156.4216
164.63768
157.19473
136.36316
91.80789
135.94467
150.15942
76.736496
170.13438
108.95916
83.98287
202.1963
169.1581
141.68379
198.40317
152.63109
167.22134
152.8037
143.58498
97.52701
167.77837
143.1913
130.43932
151.99474
146.24901
91.648224
210.88669
184.5863
136.07773
169.75462
195.30475
140.13985
178.57445
214.38339
147.59683
134.63637
178.68907
208.55731
189.76944
129.25296
153.39131
218.45586
169.6693
183.44138
82.051384
121.1054
142.83003
231.30566
182.84058
95.68248
93.04875
111.924904
161.17392
211.24374
134.03162
121.478264
191.54881
163.20053
183.92744
241.86693
145.84717
155.36496
236.57106
167.39342
168.57368
140.61397
82.75099
74.092224
177.65482
142.58893
159.50594
145.87221
178.23979
108.389984
243.01056
162.55145
170.54617
151.03166
174.14908
146.59235
100.198944
118.137024
148.74835
202.96724
149.88728
169.47707
151.26053
131.57106
107.35526
218.40843
98.917
85.38735
117.102905
188.44063
177.34036
185.58498
156.40053
174.61528
204.73386
129.75362
161.76154
180.64737
158.87895
120.53421
175.43214
132.57181
88.073784
191.54079
154.92894
165.66447
171.78899
153.51114
180.01442
141.04216
188.45981
126.40711
120.78628
161.00923
74.093666
124.814476
153.79079
93.1
160.02635
149.24243
124.50725
161.54869
132.15921
113.2171
158.47563
183.58102
121.077736
243.55467
169.92094
177.29512
103.907776
119.841896
154.04347
170.79051
149.20818
175.82213
182.68907
116.18841
143.06061
190.35706
154.63109
176.38339
158.33597
198.43083
180.9025
204.31093
221.69565
208.67062
200.14098
157.58366
62.147564
86.911606
182.1095
229.20053
118.563896
108.836624
99.69697
182.88684
168.71053
75.155266
134.74176
177.93544
201.61661
172.48616
136.74966
160.05666
183.70355
138.82608
140.66008
145.79974
112.4888
110.84849
102.93808
121.158104
159.7444
118.84849
124.819496
145.62056
186.23846
134.11067
94.371544
101.545456
121.246376
167.81818
206.78392
169.74309
81.434784
148.86298
144.1581
176.94203
212.86316
193.88026
166.48816
110.12237
131.17632
125.857895
212.52771
99.96174
85.62401
152.12253
182.99869
86.85375
241.06992
116.12797
128.53297
208.64954
99.19236
99.19236
239.19656
97.584435
111.63852
183.77997
102.693016
112.18709
127.44137
152.9855
167.96706
199.33992
89.503296
113.93281
113.11199
140.74571
100.87615
160.39262
184.49011
119.59289
194.80106
143.57312
83.44532
207.89723
160.76549
178.48749
207.89459
160.76285
178.4888
186.83531
207.92754
217.15942
167.71674
201.58102
183.4967
249.35573
232.75626
137.96179
167.62895
179.33421
69.20526
169.00659
133.09618
106.264824
101.74703
120.16601
145.51779
234.10027
229.29288
207.719
245.13985
67.218994
72.761215
164.63242
127.521736
76.59289
190.94994
164.60606
185.37549
190.3083
82.520424
109.631096
91.600266
147.99208
184.62534
178.29117
140.59947
141.79315
149.17679
149.97229
114.32058
141.28459
161.52042
75.10804
198.24605
148.54079
94.18026
243.0923
200.72461
75.32154
242.7983
199.50426
74.413124
242.79337
197.80544
70.32881
242.48918
197.3173
71.092545
242.22064
195.16727
67.667854
243.5201
197.22813
66.236404
243.60411
194.6657
59.51613
243.21404
195.09123
63.035088
242.94464
193.03575
59.752018
196.24168
136.6624
112.77877
226.2789
154.33253
74.537544
244.65936
194.5424
54.156433
244.06184
195.08401
59.15169
244.33572
191.83931
49.751793
243.74596
193.02425
56.073902
243.47722
190.99886
52.899773
227.27892
144.81065
101.86735
232.6678
154.74062
69.73606
250.0
194.92857
46.92857
NaN
NaN
NaN
NaN
NaN
NaN
NaN
NaN
NaN
NaN
NaN
NaN
NaN
NaN
NaN
NaN
NaN
NaN
NaN
NaN
NaN
NaN
NaN
NaN
NaN
NaN
NaN
NaN
NaN
NaN
NaN
NaN
NaN
NaN
NaN
NaN
NaN
NaN
NaN
NaN
NaN
NaN
NaN
NaN
NaN
NaN
NaN
NaN
NaN
NaN
NaN
NaN
NaN
NaN
